*Material,2
  1  1.592e6  0.3  3835.68   200 0.1
  2  318.31 0.3     1910.8  200 0.1

//截面属性编号 半径
*Section,1
1   1


*Node,4
1 -5 0 0
2 0 0.5 0
3 5 0 0
4 0 -0.5 0



*Element T3D2 3
1 1 2 1 1
2 2 3 1 1
3 2 4 1 1



*Constraint,10
 1    1    0    0 
 2    1    1    0 
 3    1    2    0 
 4    3    0    0 
 5    3    1    0 
 6    3    2    0 
 7    2    2    0 
 8    4    0    0
 9    4    1    0
 10   4    2    0

*Load FORCE_NODE 1
1 2 1 -10000


*Analysis_Step,1
1	 Static	     1	    0.05 	 1e-5	 100
**2    Dynamic     400    0.002    1e-5    32