            TIME           N2-T2           N2-F2
------------------------------------------------
   +0.000000E+00   +6.749400E+01   +0.000000E+00
   +3.427877E-07   +1.500000E-03   +0.000000E+00
   +5.561970E-06   +4.500002E-03   +0.000000E+00
   +2.658643E-10   +1.411250E+01   +0.000000E+00
   +9.748358E-10   -5.934999E-01   +0.000000E+00
   +2.924507E-09   +1.017900E+01   +0.000000E+00
   +7.621443E-09   +6.750000E-02   +0.000000E+00
   +1.816739E-08   +8.250000E-02   +0.000000E+00
   +4.014551E-08   +9.900000E-02   +0.000000E+00
   +8.303828E-08   +1.170000E-01   +0.000000E+00
   +1.620886E-07   +1.365000E-01   +0.000000E+00
   +3.019332E-07   +1.575000E-01   +0.000000E+00
   +5.397931E-07   +1.800000E-01   +0.000000E+00
   +9.315885E-07   +2.040000E-01   +0.000000E+00
   +1.557876E-06   +2.295000E-01   +0.000000E+00
   +2.534218E-06   +2.565000E-01   +0.000000E+00
   +4.022261E-06   +2.850000E-01   +0.000000E+00
   +6.244266E-06   +3.150000E-01   +0.000000E+00
   +9.502433E-06   +3.465000E-01   +0.000000E+00
   +5.317286E-10   -1.267100E+01   +0.000000E+00
   +1.506564E-09   +9.990000E-01   +0.000000E+00
   +2.481400E-09   +1.054500E+00   +0.000000E+00
   +3.987964E-09   -2.468600E+01   +0.000000E+00
   +6.469365E-09   +1.170000E+00   +0.000000E+00
   +1.028009E-08   +1.230000E+00   +0.000000E+00
   +1.630634E-08   +1.291500E+00   +0.000000E+00
   +2.543435E-08   +1.354500E+00   +0.000000E+00
   +3.952516E-08   +1.419000E+00   +0.000000E+00
   +6.079430E-08   -1.182100E+01   +0.000000E+00
   +9.269802E-08   +1.552500E+00   +0.000000E+00
   +1.402877E-07   +1.621500E+00   +0.000000E+00
   +2.109190E-07   +1.692000E+00   +0.000000E+00
   +3.145175E-07   +1.764000E+00   +0.000000E+00
   +4.660601E-07   +1.837500E+00   +0.000000E+00
   +6.860185E-07   +1.912500E+00   +0.000000E+00
   +1.003549E-06   +1.989000E+00   +0.000000E+00
   +1.459241E-06   +2.067000E+00   +0.000000E+00
   +2.109633E-06   +2.146500E+00   +0.000000E+00
   +3.032803E-06   +2.227500E+00   +0.000000E+00
   +4.336778E-06   +2.310000E+00   +0.000000E+00
   +6.169381E-06   +2.394000E+00   +0.000000E+00
   +8.732756E-06   +2.479500E+00   +0.000000E+00
   +1.152079E-09   +3.942000E+00   +0.000000E+00
   +2.038293E-09   +4.051500E+00   +0.000000E+00
   +3.633479E-09   +4.162500E+00   +0.000000E+00
   +6.203500E-09   +4.275000E+00   +0.000000E+00
   +1.090044E-08   +4.389000E+00   +0.000000E+00
   +1.887637E-08   -1.617750E+01   +0.000000E+00
   +3.252407E-08   +4.621500E+00   +0.000000E+00
   +5.574288E-08   +4.740000E+00   +0.000000E+00
   +9.509080E-08   +4.860000E+00   +0.000000E+00
   +1.612910E-07   +4.981500E+00   +0.000000E+00
   +2.725995E-07   +5.104500E+00   +0.000000E+00
   +4.581728E-07   +5.229000E+00   +0.000000E+00
   +7.664868E-07   +5.355000E+00   +0.000000E+00
   +1.276414E-06   +5.482500E+00   +0.000000E+00
   +2.115748E-06   +5.611500E+00   +0.000000E+00
   +3.491241E-06   +5.742000E+00   +0.000000E+00
   +5.735668E-06   +5.874000E+00   +0.000000E+00
   +9.381819E-06   +6.007500E+00   +0.000000E+00
   +1.329321E-09   -2.506100E+01   +0.000000E+00
   +7.355579E-09   +7.726500E+00   +0.000000E+00
   +1.790153E-08   +7.879500E+00   +0.000000E+00
   +4.253829E-08   +8.034000E+00   +0.000000E+00
   +1.006739E-07   +8.190000E+00   +0.000000E+00
   +2.363534E-07   +8.347500E+00   +0.000000E+00
   +5.501619E-07   +8.506500E+00   +0.000000E+00
   +1.269768E-06   +8.667000E+00   +0.000000E+00
   +2.905897E-06   +8.829000E+00   +0.000000E+00
   +6.593346E-06   +8.992500E+00   +0.000000E+00
   +7.089715E-10   -2.997250E+01   +0.000000E+00
   +1.329321E-08   +1.035450E+01   +0.000000E+00
   +5.751531E-08   +1.053150E+01   +0.000000E+00
   +2.435317E-07   +1.071000E+01   +0.000000E+00
   +1.007005E-06   +1.089000E+01   +0.000000E+00
   +4.062406E-06   +1.107150E+01   +0.000000E+00
   +9.836979E-09   +1.200150E+01   +0.000000E+00
   +1.127265E-07   +1.219200E+01   +0.000000E+00
   +1.195326E-06   +1.238400E+01   +0.000000E+00
   +5.033697E-08   -2.375850E+01   +0.000000E+00
   +2.247440E-06   +1.336650E+01   +0.000000E+00
   +5.317286E-09   +1.377000E+01   +0.000000E+00
   +2.121863E-06   +1.397400E+01   +0.000000E+00
   +1.749033E-06   +1.438650E+01   +0.000000E+00
   +5.671772E-09   +1.459500E+01   +0.000000E+00
   -1.258424E-08   +1.401650E+01   +0.000000E+00
   -5.317286E-10   +7.493000E+01   +0.000000E+00
   -1.051050E-07   +2.451250E+01   +0.000000E+00
   -1.524289E-08   +1.009650E+01   +0.000000E+00
   -1.925744E-07   +8.539000E+00   +0.000000E+00
   -2.616105E-07   +6.214000E+00   +0.000000E+00
   -2.392779E-09   +8.275000E+01   +0.000000E+00
   -4.777227E-06   +3.902500E+00   +0.000000E+00
   -1.512768E-07   +3.135000E+00   +0.000000E+00
   -2.924507E-09   +1.668500E+01   +0.000000E+00
   -5.676203E-07   +8.000004E-02   +0.000000E+00
   -1.559737E-08   +1.675000E+00   +0.000000E+00
   -1.772429E-10   +7.209650E+01   +0.000000E+00
   -9.840524E-07   -2.951000E+00   +0.000000E+00
   -1.010284E-08   -3.705000E+00   +0.000000E+00
   -1.246904E-07   -5.208500E+00   +0.000000E+00
   -2.747264E-09   +1.104500E+00   +0.000000E+00
   -1.369290E-06   -8.197500E+00   +0.000000E+00
   -3.411925E-08   +5.000000E-01   +0.000000E+00
   -7.621443E-09   +1.421500E+00   +0.000000E+00
   -5.607610E-06   -1.263600E+01   +0.000000E+00
   -2.640919E-08   -1.410350E+01   +0.000000E+00
   +7.505438E-06   -1.383500E+01   +0.000000E+00
   +1.122834E-07   -1.356500E+01   +0.000000E+00
   +7.928428E-06   -1.329350E+01   +0.000000E+00
   +3.509409E-08   -1.302050E+01   +0.000000E+00
   +3.421762E-06   -1.274600E+01   +0.000000E+00
   +2.115896E-06   -1.391350E+01   +0.000000E+00
   +3.040366E-09   -1.413300E+01   +0.000000E+00
   -6.429563E-06   -1.541850E+01   +0.000000E+00
   -1.725747E-06   -1.562750E+01   +0.000000E+00
   -4.824730E-07   -1.583500E+01   +0.000000E+00
   -1.396560E-07   -1.604100E+01   +0.000000E+00
   -4.165410E-08   -1.624550E+01   +0.000000E+00
   -1.275199E-08   -1.644850E+01   +0.000000E+00
   -3.994126E-09   -1.665000E+01   +0.000000E+00
   -1.276460E-09   +7.928150E+01   +0.000000E+00
   -4.153259E-10   +7.162950E+01   +0.000000E+00
   +8.437960E-06   -2.152350E+01   +0.000000E+00
   +6.042030E-06   -2.168300E+01   +0.000000E+00
   +4.323621E-06   -2.184100E+01   +0.000000E+00
   +3.091626E-06   -2.199750E+01   +0.000000E+00
   +2.208805E-06   -2.215250E+01   +0.000000E+00
   +1.576579E-06   -2.230600E+01   +0.000000E+00
   +1.124138E-06   -2.245800E+01   +0.000000E+00
   +8.006210E-07   -2.260850E+01   +0.000000E+00
   +5.695033E-07   -2.275750E+01   +0.000000E+00
   +4.045630E-07   -2.290500E+01   +0.000000E+00
   +2.869826E-07   -2.305100E+01   +0.000000E+00
   +2.032654E-07   -2.319550E+01   +0.000000E+00
   +1.437370E-07   -2.333850E+01   +0.000000E+00
   +1.014682E-07   -2.348000E+01   +0.000000E+00
   +7.150007E-08   -2.362000E+01   +0.000000E+00
   +3.529695E-08   -2.389550E+01   +0.000000E+00
   +2.472349E-08   -2.403100E+01   +0.000000E+00
   +1.727936E-08   -2.416500E+01   +0.000000E+00
   +1.204895E-08   -2.429750E+01   +0.000000E+00
   +8.381616E-09   -2.442850E+01   +0.000000E+00
   +5.815948E-09   -1.638100E+01   +0.000000E+00
   +2.778353E-09   -2.481250E+01   +0.000000E+00
   +1.912231E-09   -1.658300E+01   +0.000000E+00
   +4.162265E-10   -2.542250E+01   +0.000000E+00
   +1.280271E-10   -3.000600E+01   +0.000000E+00
   -8.333792E-06   -2.932350E+01   +0.000000E+00
   -6.248025E-06   -2.937050E+01   +0.000000E+00
   -4.642330E-06   -2.941600E+01   +0.000000E+00
   -3.416291E-06   -2.946000E+01   +0.000000E+00
   -2.488308E-06   -2.950250E+01   +0.000000E+00
   -1.792490E-06   -2.954350E+01   +0.000000E+00
   -1.275995E-06   -2.958300E+01   +0.000000E+00
   -8.967577E-07   -2.962100E+01   +0.000000E+00
   -6.215562E-07   -2.965750E+01   +0.000000E+00
   -4.243779E-07   -2.969250E+01   +0.000000E+00
   -2.850448E-07   -2.972600E+01   +0.000000E+00
   -1.880625E-07   -2.975800E+01   +0.000000E+00
   -1.216653E-07   -2.978850E+01   +0.000000E+00
   -7.702629E-08   -2.981750E+01   +0.000000E+00
   -4.761159E-08   -2.984500E+01   +0.000000E+00
   -2.865575E-08   -2.987100E+01   +0.000000E+00
   -1.673988E-08   +2.004150E+01   +0.000000E+00
   -9.455505E-09   -2.425350E+01   +0.000000E+00
   -5.140827E-09   +3.292000E+00   +0.000000E+00
   +1.250358E-06   -3.008350E+01   +0.000000E+00
   +1.683750E-09   -2.995350E+01   +0.000000E+00
   +3.343529E-09   +8.631500E+00   +0.000000E+00
   +6.327502E-09   -2.991100E+01   +0.000000E+00
   +1.148447E-08   -2.988750E+01   +0.000000E+00
   +2.009595E-08   -2.986250E+01   +0.000000E+00
   +3.404702E-08   -2.983600E+01   +0.000000E+00
   +5.605036E-08   -2.980800E+01   +0.000000E+00
   +8.993264E-08   -2.977850E+01   +0.000000E+00
   +1.409971E-07   -2.974750E+01   +0.000000E+00
   +2.164780E-07   -2.971500E+01   +0.000000E+00
   +3.261035E-07   -2.968100E+01   +0.000000E+00
   +4.827869E-07   -2.964550E+01   +0.000000E+00
   +7.034684E-07   -2.960850E+01   +0.000000E+00
   +1.010133E-06   -2.957000E+01   +0.000000E+00
   +1.431031E-06   -2.953000E+01   +0.000000E+00
   +2.002137E-06   -2.948850E+01   +0.000000E+00
   +2.768878E-06   -2.944550E+01   +0.000000E+00
   +3.788175E-06   -2.940100E+01   +0.000000E+00
   +5.130838E-06   -2.935500E+01   +0.000000E+00
   +6.884372E-06   -2.930750E+01   +0.000000E+00
   +9.156238E-06   -2.925850E+01   +0.000000E+00
   -6.959047E-10   +7.588650E+01   +0.000000E+00
   -1.019298E-09   +7.781750E+01   +0.000000E+00
   -1.488245E-09   +7.977250E+01   +0.000000E+00
   -2.166484E-09   +8.225000E+01   +0.000000E+00
   -3.144699E-09   -2.464350E+01   +0.000000E+00
   -4.551958E-09   +1.260000E+00   +0.000000E+00
   -6.571294E-09   -2.438500E+01   +0.000000E+00
   -1.359110E-08   +1.207000E+01   +0.000000E+00
   -1.947584E-08   -2.398600E+01   +0.000000E+00
   -2.784554E-08   -2.385000E+01   +0.000000E+00
   -3.972615E-08   -2.371250E+01   +0.000000E+00
   -5.655886E-08   -2.357350E+01   +0.000000E+00
   -8.036573E-08   -2.343300E+01   +0.000000E+00
   -1.139798E-07   -2.329100E+01   +0.000000E+00
   -1.613667E-07   -2.314750E+01   +0.000000E+00
   -2.280711E-07   -2.300250E+01   +0.000000E+00
   -3.218379E-07   -2.285600E+01   +0.000000E+00
   -4.534782E-07   -2.270800E+01   +0.000000E+00
   -6.380708E-07   -2.255850E+01   +0.000000E+00
   -8.966348E-07   -2.240750E+01   +0.000000E+00
   -1.258456E-06   -2.225500E+01   +0.000000E+00
   -1.764323E-06   -2.210100E+01   +0.000000E+00
   -2.471028E-06   -2.194550E+01   +0.000000E+00
   -3.457637E-06   -2.178850E+01   +0.000000E+00
   -4.834222E-06   -2.163000E+01   +0.000000E+00
   -6.754036E-06   -2.147000E+01   +0.000000E+00
   -9.430495E-06   -2.130850E+01   +0.000000E+00
   +6.215229E-08   -1.597250E+01   +0.000000E+00
   +2.103737E-07   -1.576600E+01   +0.000000E+00
   +7.348209E-07   -1.555800E+01   +0.000000E+00
   +2.662344E-06   -1.534850E+01   +0.000000E+00
   -2.385661E-08   -1.384000E+01   +0.000000E+00
   +4.311102E-07   -1.339550E+01   +0.000000E+00
   -1.152079E-09   +7.830400E+01   +0.000000E+00
   -1.471116E-08   +1.979200E+01   +0.000000E+00
   +3.185054E-07   -1.255750E+01   +0.000000E+00
   +3.025624E-06   -1.108300E+01   +0.000000E+00
   +2.197546E-06   -9.602500E+00   +0.000000E+00
   +3.456236E-09   -8.860000E+00   +0.000000E+00
   +2.178315E-07   -7.370500E+00   +0.000000E+00
   +9.349561E-07   -5.875000E+00   +0.000000E+00
   +1.306546E-06   -5.125000E+00   +0.000000E+00
   +2.258960E-06   -4.373500E+00   +0.000000E+00
   +5.547702E-08   +1.670001E-01   +0.000000E+00
   +3.375325E-06   -2.110000E+00   +0.000000E+00
   +1.654296E-06   +9.290001E-01   +0.000000E+00
   +1.160941E-08   +3.224000E+00   +0.000000E+00
   +5.031039E-07   +3.992000E+00   +0.000000E+00
   +1.231838E-08   +6.305000E+00   +0.000000E+00
   +1.091993E-06   +7.079000E+00   +0.000000E+00
   +1.249651E-06   +9.410000E+00   +0.000000E+00
   +2.148184E-07   +1.097150E+01   +0.000000E+00
   +2.740618E-06   +1.253900E+01   +0.000000E+00
   +4.670350E-08   +1.332500E+01   +0.000000E+00
   -5.760393E-09   +1.390150E+01   +0.000000E+00
   -6.165216E-06   +1.369200E+01   +0.000000E+00
   -1.053709E-07   +1.327750E+01   +0.000000E+00
   -3.106181E-07   +1.286900E+01   +0.000000E+00
   -6.501268E-07   +1.226750E+01   +0.000000E+00
   -5.527407E-06   +1.148650E+01   +0.000000E+00
   -5.486553E-07   +1.129500E+01   +0.000000E+00
   -5.051422E-08   +1.110500E+01   +0.000000E+00
   -4.342450E-09   +1.737950E+01   +0.000000E+00
   -2.559032E-06   +9.996500E+00   +0.000000E+00
   -6.291236E-07   +9.817000E+00   +0.000000E+00
   -1.509223E-07   +9.639000E+00   +0.000000E+00
   -3.535995E-08   +9.462500E+00   +0.000000E+00
   -8.153172E-09   +1.856700E+01   +0.000000E+00
   -1.861050E-09   +8.125450E+01   +0.000000E+00
   -5.022442E-06   +7.941500E+00   +0.000000E+00
   -2.207205E-06   +7.780000E+00   +0.000000E+00
   -9.617198E-07   +7.620000E+00   +0.000000E+00
   -4.155459E-07   +7.461500E+00   +0.000000E+00
   -1.780405E-07   +7.304500E+00   +0.000000E+00
   -7.568270E-08   +7.149000E+00   +0.000000E+00
   -3.181509E-08   +6.995000E+00   +0.000000E+00
   -1.338184E-08   -7.455000E-01   +0.000000E+00
   -5.494529E-09   +1.785000E+01   +0.000000E+00
   -7.966358E-06   +4.996500E+00   +0.000000E+00
   -4.863278E-06   +4.865000E+00   +0.000000E+00
   -2.955879E-06   +4.735000E+00   +0.000000E+00
   -1.788646E-06   +4.606500E+00   +0.000000E+00
   -1.077459E-06   +4.479500E+00   +0.000000E+00
   -6.459616E-07   +4.354000E+00   +0.000000E+00
   -3.855032E-07   +4.230000E+00   +0.000000E+00
   -2.289092E-07   +4.107500E+00   +0.000000E+00
   -1.354135E-07   +3.986500E+00   +0.000000E+00
   -7.958205E-08   +3.867000E+00   +0.000000E+00
   -4.652625E-08   +3.749000E+00   +0.000000E+00
   -2.711816E-08   +3.632500E+00   +0.000000E+00
   -1.577462E-08   +3.517500E+00   +0.000000E+00
   -9.039386E-09   +1.880900E+01   +0.000000E+00
   -1.595186E-09   +8.075900E+01   +0.000000E+00
   -7.781848E-06   +1.532500E+00   +0.000000E+00
   -5.488591E-06   +1.449000E+00   +0.000000E+00
   -3.851665E-06   +1.367000E+00   +0.000000E+00
   -2.688774E-06   +1.286500E+00   +0.000000E+00
   -1.866899E-06   +1.207500E+00   +0.000000E+00
   -1.288910E-06   +1.130000E+00   +0.000000E+00
   -8.847078E-07   +1.054000E+00   +0.000000E+00
   -6.035120E-07   +9.795000E-01   +0.000000E+00
   -4.091652E-07   +9.065000E-01   +0.000000E+00
   -2.754354E-07   +8.350000E-01   +0.000000E+00
   -1.842440E-07   +2.824000E+00   +0.000000E+00
   -1.222976E-07   +6.965000E-01   +0.000000E+00
   -8.064550E-08   +6.295000E-01   +0.000000E+00
   -5.264113E-08   +5.640000E-01   +0.000000E+00
   -2.197812E-08   +4.375000E-01   +0.000000E+00
   -1.400219E-08   +3.765000E-01   +0.000000E+00
   -8.862143E-09   +3.170000E-01   +0.000000E+00
   -3.456236E-09   +1.691500E+01   +0.000000E+00
   -2.038293E-09   +8.175150E+01   +0.000000E+00
   -8.278748E-06   -5.285000E-01   +0.000000E+00
   -5.405287E-06   -5.580000E-01   +0.000000E+00
   -3.457122E-06   -5.860000E-01   +0.000000E+00
   -2.161034E-06   -6.125000E-01   +0.000000E+00
   -1.316649E-06   -6.375000E-01   +0.000000E+00
   -7.794255E-07   -6.610000E-01   +0.000000E+00
   -4.466520E-07   -6.830000E-01   +0.000000E+00
   -2.465448E-07   -7.035000E-01   +0.000000E+00
   -1.304507E-07   -7.225000E-01   +0.000000E+00
   -6.557986E-08   -7.400000E-01   +0.000000E+00
   -3.110612E-08   -7.560000E-01   +0.000000E+00
   -1.382494E-08   -7.705000E-01   +0.000000E+00
   -2.669721E-06   -8.325000E-01   +0.000000E+00
   -6.735229E-08   -8.335000E-01   +0.000000E+00
   -4.165207E-09   -8.330000E-01   +0.000000E+00
   -1.048480E-06   -8.310000E-01   +0.000000E+00
   -9.697755E-06   -8.275000E-01   +0.000000E+00
   -8.862143E-10   +7.684900E+01   +0.000000E+00
   -2.570022E-09   +1.645650E+01   +0.000000E+00
   -6.114879E-09   -7.610000E-01   +0.000000E+00
   -2.729540E-08   -7.285000E-01   +0.000000E+00
   -5.228665E-08   -7.100000E-01   +0.000000E+00
   -9.500218E-08   +2.423750E+01   +0.000000E+00
   -1.649245E-07   -6.685000E-01   +0.000000E+00
   -2.752582E-07   -6.455000E-01   +0.000000E+00
   -4.441706E-07   -6.210000E-01   +0.000000E+00
   -6.955896E-07   -5.950000E-01   +0.000000E+00
   -1.060887E-06   -5.675000E-01   +0.000000E+00
   -1.579677E-06   -5.385000E-01   +0.000000E+00
   -2.302739E-06   -5.080000E-01   +0.000000E+00
   -3.292552E-06   -4.760000E-01   +0.000000E+00
   -4.626039E-06   -4.425000E-01   +0.000000E+00
   -6.396429E-06   -4.075000E-01   +0.000000E+00
   -8.715829E-06   -3.710000E-01   +0.000000E+00
   -5.937636E-09   +1.340000E+00   +0.000000E+00
   -9.748358E-09   +1.504500E+00   +0.000000E+00
   -1.231838E-08   +1.589000E+00   +0.000000E+00
   -1.967396E-08   +1.762500E+00   +0.000000E+00
   -2.445952E-08   +1.851500E+00   +0.000000E+00
   -3.048577E-08   +1.942000E+00   +0.000000E+00
   -3.784135E-08   +2.034000E+00   +0.000000E+00
   -4.670350E-08   +2.127500E+00   +0.000000E+00
   -5.751531E-08   +2.222500E+00   +0.000000E+00
   -7.045404E-08   +2.319000E+00   +0.000000E+00
   -8.596279E-08   +2.417000E+00   +0.000000E+00
   -1.045733E-07   +2.516500E+00   +0.000000E+00
   -1.266400E-07   +2.617500E+00   +0.000000E+00
   -1.530492E-07   +2.720000E+00   +0.000000E+00
   -2.210219E-07   +2.929500E+00   +0.000000E+00
   -2.643577E-07   +3.036500E+00   +0.000000E+00
   -3.152264E-07   +3.145000E+00   +0.000000E+00
   -3.748687E-07   +3.255000E+00   +0.000000E+00
   -4.444365E-07   +3.366500E+00   +0.000000E+00
   -5.254365E-07   +3.479500E+00   +0.000000E+00
   -6.194638E-07   +3.594000E+00   +0.000000E+00
   -7.285568E-07   +3.710000E+00   +0.000000E+00
   -8.545765E-07   +3.827500E+00   +0.000000E+00
   -9.999156E-07   +3.946500E+00   +0.000000E+00
   -1.167056E-06   +4.067000E+00   +0.000000E+00
   -1.359010E-06   +4.189000E+00   +0.000000E+00
   -1.578879E-06   +4.312500E+00   +0.000000E+00
   -1.830121E-06   +4.437500E+00   +0.000000E+00
   -2.116723E-06   +4.564000E+00   +0.000000E+00
   -2.442938E-06   +4.692000E+00   +0.000000E+00
   -2.813553E-06   +4.821500E+00   +0.000000E+00
   -3.233796E-06   +4.952500E+00   +0.000000E+00
   -3.709427E-06   +5.085000E+00   +0.000000E+00
   -4.246739E-06   +5.219000E+00   +0.000000E+00
   -4.852555E-06   +5.354500E+00   +0.000000E+00
   -5.534586E-06   +5.491500E+00   +0.000000E+00
   -6.300984E-06   +5.630000E+00   +0.000000E+00
   -7.160789E-06   +5.770000E+00   +0.000000E+00
   -8.123838E-06   +5.911500E+00   +0.000000E+00
   -9.200854E-06   +6.054500E+00   +0.000000E+00
   -3.810722E-09   +1.714650E+01   +0.000000E+00
   -4.874179E-09   +1.761400E+01   +0.000000E+00
   -6.292122E-09   +1.808750E+01   +0.000000E+00
   -7.178336E-09   +1.832650E+01   +0.000000E+00
   -1.036871E-08   +1.905250E+01   +0.000000E+00
   -1.160941E-08   +1.929750E+01   +0.000000E+00
   -1.311597E-08   +1.954400E+01   +0.000000E+00
   -1.861050E-08   +2.029250E+01   +0.000000E+00
   -2.091466E-08   +2.054500E+01   +0.000000E+00
   -2.339606E-08   +2.079900E+01   +0.000000E+00
   -2.623194E-08   +2.105450E+01   +0.000000E+00
   -2.933369E-08   +2.131150E+01   +0.000000E+00
   -3.278993E-08   +2.157000E+01   +0.000000E+00
   -3.668927E-08   +2.183000E+01   +0.000000E+00
   -4.085448E-08   +2.209150E+01   +0.000000E+00
   -4.555142E-08   +2.235450E+01   +0.000000E+00
   -5.069146E-08   +2.261900E+01   +0.000000E+00
   -5.645185E-08   +2.288500E+01   +0.000000E+00
   -6.274397E-08   +2.315250E+01   +0.000000E+00
   -6.965645E-08   +2.342150E+01   +0.000000E+00
   -7.727789E-08   +2.369200E+01   +0.000000E+00
   -8.578555E-08   +2.396400E+01   +0.000000E+00
   -1.163599E-07   +2.478900E+01   +0.000000E+00
   -1.285011E-07   +2.506700E+01   +0.000000E+00
   -1.419715E-07   +2.534650E+01   +0.000000E+00
   -1.565941E-07   +2.562750E+01   +0.000000E+00
   -1.727232E-07   +2.591000E+01   +0.000000E+00
   -1.902702E-07   +2.619400E+01   +0.000000E+00
   -2.095011E-07   +2.647950E+01   +0.000000E+00
   -2.305043E-07   +2.676650E+01   +0.000000E+00
   -2.533687E-07   +2.705500E+01   +0.000000E+00
   -2.783599E-07   +2.734500E+01   +0.000000E+00
   -3.054781E-07   +2.763650E+01   +0.000000E+00
   -3.351663E-07   +2.792950E+01   +0.000000E+00
   -3.673358E-07   +2.822400E+01   +0.000000E+00
   -4.024299E-07   +2.852000E+01   +0.000000E+00
   -4.404485E-07   +2.881750E+01   +0.000000E+00
   -4.819234E-07   +2.911650E+01   +0.000000E+00
   -5.268544E-07   +2.941700E+01   +0.000000E+00
   -5.755962E-07   +2.971900E+01   +0.000000E+00
   -6.283260E-07   +3.002250E+01   +0.000000E+00
   -6.854868E-07   +3.032750E+01   +0.000000E+00
   -7.475218E-07   +3.063400E+01   +0.000000E+00
   -8.144310E-07   +3.094200E+01   +0.000000E+00
   -8.870119E-07   +3.125150E+01   +0.000000E+00
   -9.652646E-07   +3.156250E+01   +0.000000E+00
   -1.049898E-06   +3.187500E+01   +0.000000E+00
   -1.141178E-06   +3.218900E+01   +0.000000E+00
   -1.239725E-06   +3.250450E+01   +0.000000E+00
   -1.345982E-06   +3.282150E+01   +0.000000E+00
   -1.460393E-06   +3.314000E+01   +0.000000E+00
   -1.583842E-06   +3.346000E+01   +0.000000E+00
   -1.716509E-06   +3.378150E+01   +0.000000E+00
   -1.859278E-06   +3.410450E+01   +0.000000E+00
   -2.012859E-06   +3.442900E+01   +0.000000E+00
   -2.177783E-06   +3.475500E+01   +0.000000E+00
   -2.355026E-06   +3.508250E+01   +0.000000E+00
   -2.545296E-06   +3.541150E+01   +0.000000E+00
   -2.749391E-06   +3.574200E+01   +0.000000E+00
   -2.968375E-06   +3.607400E+01   +0.000000E+00
   -3.203044E-06   +3.640750E+01   +0.000000E+00
   -3.454552E-06   +3.674250E+01   +0.000000E+00
   -3.723784E-06   +3.707900E+01   +0.000000E+00
   -4.011981E-06   +3.741700E+01   +0.000000E+00
   -4.320206E-06   +3.775650E+01   +0.000000E+00
   -4.649967E-06   +3.809750E+01   +0.000000E+00
   -5.002237E-06   +3.844000E+01   +0.000000E+00
   -5.378612E-06   +3.878400E+01   +0.000000E+00
   -5.780599E-06   +3.912950E+01   +0.000000E+00
   -6.209527E-06   +3.947650E+01   +0.000000E+00
   -6.667168E-06   +3.982500E+01   +0.000000E+00
   -7.155029E-06   +4.017500E+01   +0.000000E+00
   -7.675059E-06   +4.052650E+01   +0.000000E+00
   -8.229209E-06   +4.087950E+01   +0.000000E+00
   -8.819251E-06   +4.123400E+01   +0.000000E+00
   -9.447222E-06   +4.159000E+01   +0.000000E+00
